10
49
50
75
124
132
133
167
180
204
231
236
239
267
279
330
353
363
370
372
373
408
431
475
476
492
542
633
672
685
689
703
732
765
769
773
777
783
814
894
926
973
1018
1042
1045
1046
1068
1081
1108
1118
1150
1158
1162
1187
1217
1235
1239
1253
1265
1306
1312
1322
1332
1344
1352
1373
1395
1430
1446
1448
1451
1468
1504
1515
1551
1561
1586
1616
1660
1665
1674
1705
1725
1740
1773
1788
1805
1846
1919
1922
1924
1929
1939
1961
2005
2008
2024
2041
2044
2050
2090
2101
2134
2170
2199
2223
2227
2238
2244
2273
2278
2321
2346
2363
2372
2375
2383
2409
2447
2459
2484
2492
2496
2500
2502
2557
2608
2611
2628
2636
2688
2724
2727
2735
2774
2780
2795
2809
2851
2855
2866
2885
2894
2911
2936
2970
3018
3020
3029
3043
3048
3059
3060
3080
3142
3166
3199
3204
3207
3222
3240
3252
3294
3298
3309
3311
3323
3331
3335
3357
3373
3379
3459
3475
3482
3505
3518
3519
3524
3527
3571
3576
3588
